 12378    2278   26774   26756
 12271    2277   26776   26760
 12163    2277   26776   26758
 12048    2275   26781   26763
 11949    2277   26775   26758
 11884    2278   26776   26757
 11867    2275   26775   26760
 11889   11889   26774   26760
 11900    2277   26776   26759
 11857    2276   26776   26761
 11778    2277   26775   26758
 11719    2278   26777   26757
 11668    2276   26780   26762
 11621    2277   26774   26756
  7233    2358   17843   26768
  7238    2358   17842   26768
  7242    2357   17842   26769
  7249    2358   17843   26772
  7249    2357   17842   26770
  7245    2358   17842   26770
  7241    2358   17843   26771
  7235    2358   17841   26771
  7232    2358   17841   26771
  7233    2358   17842   26771
  7237    2358   17841   26766
  7242    2358   17842   26769
  7245    2358   17841   26770
  7248    2359   17841   26767
  7249    2359   17842   26768
  7249    2359   17843   26767
  7248    2359   17842   26766
  7246    2359   17842   26770
  7242    2360   17843   26768
  7236    2359   17842   26769
  7233    2359   17843   26771
  7239    2359   17842   26770
  7245    2358   17842   26768
  7247    2359   17843   26771
  7250    2358   17842   26772
  7251    2358   17842   26771
  7250    2358   17842   26772
  7248    2358   17842   26771
  7245    2358   17841   26771
  7239    2359   17841   26772
  7234    2359   17841   26770
  7234    2358   17841   26770
  7237    2359   17842   26771
  7240    2359   17842   26769
  7245    2359   17842   26768
  7249    2359   17842   26769
  7251    2359   17842   26767
  7250    2360   17842   26767
  7247    2360   17843   26768
  7236    2360   17842   26767
  7237    2359   17842   26769
  7247    2359   17842   26771
  7250    2359   17843   26773
  7246    2359   17842   26770
  7236    2359   17841   26769
  7241    2359   17843   26769
  7246    2359   17840   26768
  7248    2360   17842   26767
  7250    2360   17841   26769
  7251    2361   17841   26768
  7250    2360   17842   26767
  7247    2360   17843   26768
  7242    2360   17841   26767
  7238    2360   17841   26768
  7235    2360   17843   26769
  7236    2360   17842   26768
  7241    2360   17842   26769
  7245    2360   17843   26771
  7248    2360   17841   26770
  7249    2359   17842   26771
  7249    2359   17843   26772
  7246    2359   17841   26769
  7243    2359   17842   26772
  7240    2359   17841   26770
  7233    2359   17842   26771
  7213    2355   17819   26774
  7234    2360   17842   26769
  7240    2359   17841   26769
  7242    2359   17841   26769
  7247    2360   17842   26767
  7248    2360   17841   26767
  7249    2361   17842   26768
  7246    2361   17842   26765
  7242    2361   17842   26767
  7237    2361   17842   26767
  7233    2361   17841   26767
  7232    2361   17841   26768
  7236    2360   17843   26770
  7240    2360   17842   26768
  7245    2360   17842   26769
  7248    2360   17843   26771
  7251    2359   17841   26770
  7250    2359   17842   26770
  7248    2360   17843   26772
  7244    2360   17842   26770
  7240    2359   17842   26772
  7236    2360   17842   26772
  7232    2360   17841   26770
  7235    2360   17839   26771
  7239    2360   17842   26768
  7245    2360   17842   26767
  7251    2360   17842   26768
  7250    2361   17842   26767
  7249    2361   17842   26765
  7249    2360   17842   26769
  7247    2361   17843   26769
  7241    2360   17841   26768
  7238    2360   17842   26770
  7241    2360   17843   26767
  7245    2360   17841   26768
  7246    2359   17843   26771
  7249    2359   17842   26704
  7232    2354   17803   26711
  7231    2354   17803   26713
  7226    2354   17802   26711
  7222    2353   17802   26711
  7217    2354   17804   26712
  7215    2354   17802   26708
  7216    2354   17802   26709
  7221    2354   17803   26708
  7225    2354   17802   26706
  7227    2354   17802   26708
  7229    2355   17803   26707
  7229    2355   17803   26705
  7224    2360   17842   26766
  7236    2360   17843   26769
  7231    2360   17841   26766
  7228    2360   17842   26768
  7230    2360   17842   26769
  7234    2359   17842   26767
  7238    2359   17842   26771
  7242    2359   17843   26769
  7244    2359   17838   26770
  7243    2359   17842   26772
  7243    2359   17843   26772
  7239    2358   17841   26770
  7234    2359   17842   26772
  7230    2359   17842   26770
  7228    2360   17841   26770
  7228    2359   17843   26771
  7232    2359   17842   26769
  7240    2359   17841   26765
  7242    2360   17842   26767
  7246    2360   17842   26767
  7245    2360   17842   26766
  7244    2360   17842   26767
  7240    2360   17842   26767
  7237    2360   17841   26768
  7233    2360   17843   26770
  7231    2360   17842   26769
  7230    2360   17841   26767
  7234    2360   17843   26770
  7239    2359   17842   26768
  7243    2359   17843   26770
  7246    2359   17842   26770
  7248    2359   17842   26770
  7248    2359   17842   26773
  7246    2359   17843   26772
  7243    2358   17840   26767
  7238    2358   17840   26770
  7235    2359   17840   26769
  7230    2359   17834   26768
  7205    2360   17780   26772
  7215    2359   17801   26772
  7219    2359   17801   26771
  7225    2359   17800   26769
  7230    2359   17820   26710
  7245    2353   17844   26705
  7245    2353   17843   26706
  7241    2353   17842   26706
  7235    2353   17842   26706
  7230    2353   17842   26735
  7225    2361   17803   26775
  7216    2359   17801   26772
  7218    2359   17800   26771
  7223    2359   17799   26770
  7227    2359   17798   26768
  7235    2354   17843   26707
  7095    2353   17843   26707
  6807    2353   17842   26707
  6905    2353   17842   26706
  6920    2353   17841   26704
  6915    2357   17803   26772
  6896    2360   17800   26771
  6897    2360   17797   26774
  6902    2360   17801   26770
  6907    2359   17754   26703
  6900    2349   17799   26640
  6898    2351   17744   26712
  6883    2359   17801   26771
  6903    2360   17801   26770
  6908    2360   17800   26769
  6916    2355   17844   26708
  6927    2354   17842   26708
  6928    2354   17843   26706
  6927    2354   17842   26771
  6922    2360   17842   26772
  6915    2360   17841   26772
  6919    2360   17844   26772
  6920    2360   17842   26770
  6925    2360   17842   26769
  6926    2360   17842   26766
  6927    2361   17843   26769
  6926    2361   17812   26706
  6909    2357   17843   26768
  6921    2361   17843   26769
  6914    2361   17842   26767
  6911    2361   17842   26769
  6913    2360   17846   26774
  6919    2361   17843   26769
  6922    2360   17842   26770
  6924    2360   17843   26772
  6928    2359   17840   26770
  6929    2359   17841   26772
  6930    2359   17834   26777
  6928    2360   17844   26774
  6922    2359   17842   26772
  6918    2359   17838   26751
  6905    2361   17842   26770
  6871    2360   17843   26770
  6874    2360   17842   26769
  6876    2360   17843   26770
  6880    2358   17842   26770
  6881    2359   17842   26771
  6882    2359   17843   26773
  6880    2359   17841   26772
  6876    2359   17842   26771
  6872    2358   17843   26773
  6868    2359   17842   26771
  6869    2358   17841   26770
  6871    2359   17842   26770
  6876    2359   17842   26768
  6877    2359   17841   26769
  6880    2359   17842   26767
  6882    2359   17841   26765
  6882    2360   17841   26767
  6881    2360   17842   26770
  6880    2359   17842   26767
  6876    2359   17843   26767
  6872    2360   17843   26769
  6868    2359   17842   26770
  6869    2359   17843   26771
  6872    2359   17843   26770
  6877    2358   17842   26768
  6879    2358   17843   26772
  6881    2358   17843   26772
  6882    2358   17842   26769
  6882    2358   17843   26774
  6881    2358   17842   26772
  6876    2358   17842   26772
  6872    2357   17843   26772
  6867    2358   17842   26770
  6868    2358   17841   26772
  6869    2358   17842   26770
  6875    2358   17842   26769
  6878    2358   17842   26768
  6881    2358   17843   26770
  6881    2359   17842   26768
  6881    2358   17841   26768
  6879    2359   17843   26769
  6876    2359   17842   26767
  6870    2359   17843   26769
  6867    2359   17843   26770
  6866    2359   17841   26768
  6869    2359   17843   26771
  6871    2358   17843   26770
  6877    2357   17843   26770
  6879    2358   17842   26772
  6881    2357   17843   26772
  6881    2357   17842   26772
  6881    2357   17843   26773
  6877    2357   17843   26770
  6871    2358   17842   26771
  6869    2358   17843   26774
  6867    2358   17842   26770
  6870    2358   17841   26770
  6873    2358   17843   26771
  6878    2358   17841   26767
  6880    2358   17842   26770
  6882    2358   17843   26769
  6883    2358   17842   26767
  6882    2359   17842   26768
  6879    2359   17843   26769
  6875    2359   17842   26767
  6871    2359   17841   26768
  6868    2359   17844   26768
  6867    2359   17841   26768
  6868    2358   17843   26770
  6873    2358   17843   26768
  6876    2358   17842   26768
  6879    2357   17843   26772
  6881    2358   17842   26769
  6873    2357   17842   26771
  6865    2358   17842   26769
  6866    2358   17843   26769
  6867    2359   17842   26768
  6871    2358   17842   26769
  6875    2358   17842   26767
  6878    2358   17841   26766
  6880    2359   17843   26766
  6882    2359   17842   26765
  6887    2359   17842   26765
  6918    2359   17843   26767
  6919    2359   17842   26765
  6915    2358   17842   26767
  6915    2359   17843   26768
  6913    2358   17842   26766
  6915    2359   17843   26768
  6919    2359   17843   26768
  6923    2359   17842   26767
  6925    2358   17843   26770
  6928    2358   17843   26770
  6921    2358   17841   26769
  7063    2358   17843   26770
  7223    2358   17842   26770
  7232    2357   17842   26768
  7232    2358   17842   26770
  7231    2358   17842   26769
  7228    2359   17842   26769
  7228    2359   17842   26769
  7232    2358   17842   26767
  7237    2359   17841   26766
  7242    2359   17843   26765
  7246    2359   17842   26765
  7246    2359   17842   26765
  7247    2360   17843   26766
  7245    2360   17838   26764
  7242    2360   17842   26766
  7241    2360   17843   26767
  6951    2360   17841   26766
  6807    2360   17843   26767
  6851    2360   17844   26768
  6923    2359   17842   26766
  6929    2360   17843   26769
  6934    2359   17844   26767
  6937    2358   17842   26767
  6937    2359   17843   26770
  6936    2359   17843   26769
  6931    2359   17842   26769
  6928    2359   17843   26771
  6922    2360   17843   26769
  6919    2359   17842   26769
  6918    2359   17842   26770
  6921    2359   17835   26771
  6927    2360   17844   26771
  6929    2360   17844   26767
  6931    2360   17842   26764
  6932    2360   17842   26766
  6934    2361   17843   26767
  6933    2360   17842   26761
  6928    2361   17845   26769
  6926    2360   17843   26768
  6930    2358   17843   26769
  6896    2361   17845   26767
  6885    2360   17843   26766
  6879    2360   17841   26766
  6876    2361   17843   26769
  6871    2361   17843   26767
  6871    2359   17842   26765
  6873    2360   17844   26770
  6877    2359   17798   26711
  6853    2359   17844   26704
  6881    2356   17802   26768
  6856    2360   17802   26768
  6866    2359   17801   26769
  6869    2359   17800   26768
  6868    2359   17802   26767
  6866    2359   17800   26769
  6870    2353   17843   26707
  6876    2354   17844   26707
  6871    2353   17844   26703
  6869    2354   17844   26704
  6872    2353   17842   26739
  6857    2360   17802   26769
  6865    2359   17802   26769
  6868    2358   17800   26768
  6868    2358   17802   26769
  6868    2359   17823   26709
  6880    2353   17844   26707
  6876    2353   17844   26705
  6872    2353   17844   26679
  6881    2359   17803   26770
  6862    2359   17802   26770
  6866    2359   17800   26770
  6867    2359   17800   26768
  6869    2358   17801   26769
  6868    2359   17818   26711
  6882    2352   17843   26707
  6871    2353   17842   26739
  6862    2359   17781   26772
  6859    2359   17803   26771
  6864    2359   17802   26770
  6867    2358   17801   26769
  6869    2358   17800   26768
  6875    2354   17843   26714
  6881    2359   17843   26769
  6877    2359   17843   26768
  6871    2360   17842   26768
  6868    2359   17843   26770
  6868    2359   17843   26768
  6870    2359   17842   26769
  6875    2358   17843   26771
  6880    2358   17842   26770
  6882    2358   17842   26771
  6883    2358   17843   26772
  6884    2358   17842   26772
  6883    2357   17842   26772
  6881    2357   17842   26773
  6875    2357   17842   26772
  6871    2357   17842   26772
  6870    2358   17843   26772
  6872    2358   17842   26769
  6874    2358   17841   26771
  6880    2359   17843   26769
  6883    2358   17842   26765
  6886    2359   17845   26772
  6921    2358   17843   26768
  6929    2359   17842   26767
  6929    2359   17843   26768
  6920    2359   17843   26769
  6918    2359   17841   26764
  6917    2359   17843   26769
  6919    2358   17843   26770
  6924    2358   17842   26769
  6928    2357   17843   26771
  6932    2358   17842   26769
  6933    2358   17842   26770
  6947    2358   17844   26772
  6981    2358   17842   26771
  6985    2358   17842   26772
  6993    2358   17843   26772
  6990    2357   17842   26770
  6987    2357   17842   26771
  6986    2358   17843   26769
  6990    2358   17842   26768
  6993    2358   17842   26769
  6998    2358   17843   26765
  7001    2358   17842   26765
  7002    2359   17843   26767
  7001    2359   17843   26765
  6998    2359   17842   26765
  6995    2358   17843   26767
  6991    2359   17842   26765
  6986    2359   17842   26765
  6986    2359   17843   26768
  6992    2359   17843   26766
  6995    2358   17842   26767
  7002    2358   17844   26770
  7006    2358   17843   26766
  7006    2357   17842   26770
  7004    2357   17843   26771
  7002    2357   17842   26768
  6998    2357   17841   26770
  6994    2357   17843   26772
  6989    2358   17841   26769
  6989    2358   17842   26769
  6993    2358   17842   26770
  6996    2358   17842   26766
  7000    2358   17842   26766
  7002    2359   17843   26763
  7003    2359   17842   26762
  7004    2358   17842   26764
  7003    2359   17843   26762
  6999    2359   17841   26760
  6998    2359   17843   26763
  6992    2358   17843   26761
  6989    2359   17842   26761
  6990    2359   17844   26762
  6994    2358   17842   26760
  6999    2358   17842   26761
  7002    2358   17843   26764
  7005    2357   17843   26763
  7008    2357   17843   26766
  7009    2357   17843   26767
  7006    2358   17842   26767
  7001    2357   17842   26769
  6997    2357   17843   26766
  6991    2358   17841   26767
  6987    2358   17842   26768
  6988    2358   17843   26768
  6990    2358   17842   26765
  6993    2358   17843   26767
  6997    2358   17843   26766
  7000    2358   17841   26764
  6996    2359   17843   26767
  6993    2359   17843   26766
  6989    2359   17841   26766
  6988    2359   17842   26767
  6992    2358   17843   26766
  6995    2359   17842   26766
  6997    2358   17843   26767
  6999    2358   17842   26767
  7001    2358   17842   26768
  7000    2358   17843   26767
  6999    2358   17842   26764
  6996    2357   17842   26766
  6993    2358   17842   26768
  6969    2352   17805   26772
  6984    2358   17842   26769
  6985    2358   17843   26769
  6990    2358   17842   26768
  6992    2358   17842   26769
  6996    2359   17843   26769
  6997    2359   17814   26706
  6991    2359   17842   26766
  6997    2359   17843   26770
  6996    2359   17842   26767
  6992    2359   17843   26770
  6986    2359   17844   26768
  6984    2359   17842   26767
  6982    2359   17843   26770
  6984    2359   17843   26768
  6987    2358   17842   26769
  6849    2358   17844   26771
  7003    2358   17843   26771
  7210    2358   17843   26770
  7236    2357   17844   26773
  7240    2358   17843   26771
  7239    2357   17842   26772
  7236    2358   17842   26773
  7232    2358   17838   26771
  7228    2358   17842   26771
  7230    2358   17843   26771
  7234    2358   17842   26769
  7237    2358   17842   26770
  7243    2358   17843   26769
  7246    2358   17842   26767
  7247    2358   17843   26768
  7249    2358   17843   26767
  7246    2359   17842   26764
  7243    2359   17842   26768
  7237    2358   17842   26768
  7232    2358   17842   26765
  7231    2358   17843   26770
  7234    2358   17842   26769
  7236    2357   17841   26768
  7235    2357   17843   26768
  7201    2357   17841   26769
  7184    2357   17842   26770
  7184    2356   17843   26773
  7181    2357   17843   26772
  7219    2357   17842   26772
  7237    2357   17843   26772
  7234    2357   17842   26771
  7232    2357   17842   26772
  7230    2357   17843   26771
  7214    2358   17842   26767
  7169    2358   17842   26770
  7061    2358   17843   26770
  7037    2358   17842   26767
  7032    2358   17843   26768
  7031    2358   17843   26768
  7026    2358   17842   26768
  7212    2358   17843   26768
  7235    2359   17843   26764
  7236    2358   17842   26766
  7229    2358   17842   26770
  7245    2358   17842   26768
  7229    2357   17842   26769
  7259    2357   17843   26770
  7231    2357   17790   26680
  7250    2352   17843   26710
  7248    2352   17843   26707
  7249    2350   17826   26680
  7227    2351   17843   26708
  7226    2350   17807   26687
  7253    2351   17843   26768
  7230    2356   17800   26771
  7226    2356   17802   26771
  7220    2356   17818   26711
  7235    2350   17843   26709
  7234    2351   17844   26707
  7237    2351   17844   26704
  7241    2351   17843   26706
  7244    2351   17843   26735
  7219    2357   17781   26768
  7232    2356   17801   26769
  7232    2356   17802   26770
  7230    2356   17802   26769
  7228    2357   17806   26772
  7230    2358   17803   26773
  7230    2357   17802   26773
  7229    2357   17802   26771
  7215    2354   17784   26775
  7228    2356   17803   26769
  7230    2356   17802   26767
  7229    2356   17800   26766
  7229    2356   17800   26765
  7227    2356   17799   26748
  7230    2350   17842   26674
  7239    2351   17843   26704
  7232    2351   17816   26640
  7219    2351   17844   26701
  7235    2352   17844   26765
  7241    2356   17842   26762
  7244    2357   17842   26762
  7247    2357   17845   26766
  7246    2356   17842   26760
  7244    2357   17842   26762
  7241    2357   17843   26764
  7237    2357   17841   26762
  7232    2357   17842   26769
  7230    2357   17843   26769
  7230    2357   17842   26769
  7233    2357   17844   26771
  7238    2357   17844   26770
  7243    2356   17842   26769
  7245    2356   17844   26771
  7246    2355   17843   26771
  7245    2355   17842   26773
  7241    2355   17842   26773
  7235    2356   17842   26772
  7219    2355   17844   26776
  7212    2356   17844   26773
  7201    2355   17842   26771
  7187    2356   17841   26771
  7172    2356   17842   26771
  7120    2356   17842   26768
  7042    2356   17843   26767
  7035    2355   17843   26769
  7032    2356   17841   26767
  7030    2356   17843   26769
  7028    2357   17843   26768
  7026    2356   17842   26768
  7020    2356   17843   26771
  7016    2356   17843   26769
  7014    2355   17842   26769
  7016    2355   17843   26771
  7022    2355   17843   26770
  7023    2354   17842   26770
  7028    2354   17843   26772
  7029    2354   17841   26771
  7029    2354   17842   26771
  7029    2354   17843   26773
  7026    2353   17842   26771
  7020    2354   17842   26774
  7019    2355   17842   26774
  7013    2353   17841   26771
  7013    2354   17842   26773
  7014    2354   17843   26771
  7020    2354   17842   26770
  7022    2354   17843   26770
  7028    2355   17843   26770
  7224    2354   17841   26767
  7232    2355   17842   26768
  7260    2355   17840   26764
  7232    2354   17839   26764
  7253    2355   17840   26765
  7228    2355   17838   26762
  7258    2355   17839   26765
  7225    2354   17841   26766
  7260    2355   17839   26764
  7236    2353   17839   26766
  7269    2353   17840   26766
  7245    2353   17839   26765
  7270    2353   17840   26766
  7250    2352   17840   26767
  7265    2352   17839   26766
  7232    2347   17839   26767
  7245    2353   17840   26768
  7243    2353   17839   26765
  7248    2353   17839   26766
  7251    2353   17839   26765
  7256    2352   17838   26763
  7259    2353   17840   26765
  7261    2353   17841   26764
  7259    2354   17839   26763
  7258    2353   17840   26765
  7255    2353   17841   26764
  7249    2353   17839   26765
  7248    2354   17841   26767
  7246    2354   17840   26766
  7248    2353   17840   26765
  7253    2353   17842   26768
  7258    2352   17840   26765
  7263    2352   17840   26768
  7261    2352   17841   26770
  7258    2352   17840   26768
  7253    2352   17840   26768
  7250    2352   17840   26767
  7248    2353   17840   26767
  7249    2353   17839   26767
  7253    2352   17840   26767
  7257    2353   17840   26765
  7259    2353   17839   26765
  7262    2353   17841   26767
  7263    2353   17839   26764
  7263    2353   17840   26765
  7261    2353   17841   26766
  7258    2353   17840   26763
  7256    2353   17841   26769
  7234    2353   17842   26766
  7169    2353   17841   26766
  7108    2353   17843   26769
  7079    2352   17842   26767
  7054    2352   17841   26768
  7042    2352   17843   26770
  7037    2352   17842   26769
  7035    2352   17841   26769
  7035    2352   17841   26769
  7035    2351   17840   26770
  7033    2351   17841   26770
  7035    2352   17842   26771
  7055    2352   17841   26770
  7088    2352   17841   26772
  7097    2352   17842   26770
  7104    2352   17840   26769
  7107    2352   17841   26768
  7108    2353   17842   26768
  7086    2352   17840   26765
  7055    2353   17842   26766
  7033    2354   17842   26768
  7025    2353   17841   26764
  7001    2353   17842   26767
  6979    2352   17842   26767
  6973    2353   17842   26767
  6956    2353   17842   26768
  6953    2353   17842   26766
  6954    2352   17841   26769
  6956    2352   17842   26769
  6960    2352   17841   26768
  6963    2352   17841   26768
  6965    2351   17842   26770
  6967    2352   17840   26770
  6965    2351   17841   26770
  6965    2352   17842   26771
  6957    2352   17841   26767
  6961    2351   17841   26770
  6950    2352   17842   26769
  6961    2352   17840   26769
  6944    2352   17841   26770
  6971    2353   17841   26766
  6947    2352   17840   26766
  6981    2352   17842   26769
  6951    2352   17841   26765
  7084    2352   17841   26764
  7218    2353   17842   26767
  7267    2354   17840   26764
  7232    2353   17841   26765
  7261    2353   17842   26768
  7226    2353   17835   26701
  7224    2348   17813   26769
  7232    2353   17842   26769
  7236    2352   17841   26768
  7240    2352   17842   26769
  7244    2352   17842   26768
  7246    2352   17841   26769
  7247    2351   17842   26770
  7247    2352   17797   26708
  7224    2352   17841   26769
  7236    2351   17841   26772
  7233    2352   17842   26771
  7231    2351   17841   26768
  7233    2351   17842   26770
  7240    2353   17841   26767
  7243    2352   17840   26767
  7246    2353   17844   26770
  7245    2353   17841   26768
  7238    2353   17841   26766
  7232    2353   17800   26772
  7223    2348   17843   26708
  7235    2347   17843   26708
  7241    2346   17844   26704
  7244    2346   17843   26705
  7248    2346   17842   26706
  7250    2349   17803   26770
  7233    2352   17802   26772
  7231    2353   17802   26772
  7228    2353   17801   26774
  7223    2353   17798   26772
  7223    2352   17780   26770
  7225    2350   17781   26770
  7234    2352   17802   26774
  7232    2353   17803   26772
  7225    2353   17800   26773
  7214    2354   17800   26770
  7190    2353   17818   26707
  7180    2348   17843   26710
  7151    2348   17843   26708
  7137    2347   17843   26706
  7129    2347   17843   26740
  7095    2353   17802   26772
  7071    2353   17802   26773
  6966    2353   17801   26770
  6967    2354   17801   26773
  6966    2354   17800   26772
  6996    2348   17843   26678
  7007    2344   17843   26676
  7007    2348   17843   26710
  7003    2348   17843   26710
  7002    2348   17843   26708
  7006    2348   17844   26707
  7011    2348   17843   26770
  7014    2352   17843   26769
  7017    2352   17842   26770
  7018    2351   17843   26773
  7017    2352   17841   26771
  7218    2353   17842   26772
  7238    2353   17843   26771
  7238    2352   17842   26770
  7235    2353   17842   26771
  7232    2353   17843   26771
  7234    2353   17840   26770
  7237    2353   17842   26769
  7242    2353   17842   26768
  7241    2353   17842   26765
  7197    2354   17845   26771
  7143    2354   17844   26766
  7102    2353   17842   26766
  7089    2353   17843   26770
  7080    2354   17842   26768
  7075    2354   17842   26767
  7074    2354   17842   26770
  7075    2353   17842   26768
  7077    2353   17842   26769
  7082    2353   17843   26771
  7086    2353   17842   26770
  7087    2352   17841   26772
  7088    2352   17843   26772
  7088    2352   17842   26771
  7226    2352   17842   26772
  7239    2352   17842   26771
  7235    2352   17840   26771
  7230    2352   17839   26768
  7230    2352   17836   26762
  7235    2352   17834   26760
  7237    2352   17836   26760
  7242    2352   17835   26759
  7243    2351   17839   26759
  7245    2352   17839   26761
  7244    2353   17837   26760
  7240    2353   17840   26764
  7241    2353   17841   26766
  7233    2352   17841   26765
  7230    2353   17840   26766
  7229    2353   17842   26769
  7234    2353   17841   26767
  7238    2352   17841   26767
  7243    2352   17842   26769
  7244    2352   17844   26772
  7245    2352   17841   26770
  7239    2352   17842   26771
  7229    2352   17841   26769
  7224    2352   17841   26771
  7222    2353   17842   26771
  7220    2352   17840   26770
  7220    2352   17841   26772
  7220    2352   17842   26771
  7220    2352   17841   26769
  7222    2352   17842   26770
  7227    2352   17841   26768
  7230    2352   17841   26765
  7232    2352   17842   26769
  7234    2353   17841   26767
  7236    2353   17841   26766
  7246    2353   17842   26767
  7244    2354   17841   26765
  7240    2353   17841   26767
  7237    2353   17841   26769
  7232    2353   17841   26766
  7230    2353   17842   26771
  7234    2352   17843   26768
  7238    2353   17841   26769
  7240    2352   17842   26770
  7245    2352   17843   26770
  7243    2351   17841   26771
  7241    2352   17842   26768
  7228    2353   17841   26767
  7213    2353   17843   26767
  7196    2353   17842   26765
  7181    2353   17841   26769
  7168    2353   17841   26768
  7155    2353   17842   26766
  7048    2353   17842   26770
  7020    2353   17843   26769
  7021    2353   17842   26767
  7022    2352   17842   26769
  7025    2351   17843   26769
  7026    2352   17841   26770
  7027    2352   17843   26771
  7027    2351   17842   26771
  7024    2351   17842   26772
  7022    2352   17843   26772
  7019    2351   17842   26771
  7014    2351   17841   26771
  7010    2351   17842   26772
  7010    2352   17842   26770
  7143    2351   17842   26771
  7217    2352   17842   26770
  7230    2352   17841   26768
  7235    2352   17842   26769
  7240    2352   17842   26768
  7243    2352   17842   26766
  7243    2352   17843   26766
  7244    2353   17843   26767
  7241    2352   17841   26766
  7239    2353   17843   26768
  7233    2352   17842   26769
  7230    2352   17842   26769
  7228    2352   17843   26770
  7231    2352   17842   26769
  7235    2352   17841   26769
  7240    2352   17843   26771
  7244    2352   17842   26770
  7246    2351   17841   26771
  7248    2351   17843   26711
  7229    2347   17843   26769
  7242    2350   17842   26772
  7239    2350   17843   26772
  7234    2351   17841   26771
  7230    2350   17842   26772
  7230    2351   17843   26772
  7234    2351   17842   26768
  7234    2351   17842   26770
  7242    2352   17842   26768
  7243    2351   17841   26768
  7244    2352   17843   26768
  7245    2352   17841   26766
  7244    2352   17841   26768
  7240    2352   17843   26769
  6943    2352   17842   26767
  6809    2352   17841   26768
  6967    2352   17843   26770
  6991    2351   17842   26769
  7009    2351   17841   26769
  6996    2350   17843   26769
  7025    2350   17842   26769
  6997    2350   17842   26772
  7032    2350   17843   26771
  6984    2350   17842   26771
  7020    2350   17843   26773
  6980    2350   17843   26771
  7011    2350   17840   26771
  6975    2350   17843   26774
  7000    2350   17841   26771
  6976    2350   17842   26770
  6990    2350   17842   26771
  6986    2350   17841   26767
  6989    2350   17842   26768
  6991    2350   17843   26770
  6993    2352   17845   26770
  6989    2351   17842   26768
  6987    2351   17842   26770
  6979    2351   17843   26770
  6985    2350   17842   26769
  6988    2350   17843   26771
  6992    2350   17846   26775
  6996    2349   17842   26771
  6993    2350   17831   26776
  6965    2349   17845   26773
  6947    2350   17843   26771
  6948    2350   17842   26770
  6953    2349   17843   26771
  6957    2350   17842   26769
  6959    2350   17842   26768
  6961    2350   17843   26769
  6962    2350   17843   26768
  6960    2350   17842   26760
  6957    2343   17784   26771
  6945    2350   17802   26774
  6946    2350   17802   26773
  6944    2350   17802   26775
  6941    2349   17806   26770
  6946    2348   17803   26772
  6946    2348   17802   26771
  6946    2348   17802   26768
  6942    2348   17801   26769
  6938    2348   17819   26712
  6952    2343   17843   26709
  6948    2343   17843   26710
  6947    2342   17843   26708
  6949    2343   17843   26710
  6956    2344   17805   26771
  6944    2348   17803   26771
  6946    2347   17803   26771
  6947    2347   17801   26769
  6947    2348   17801   26769
  6944    2347   17801   26768
  6948    2342   17842   26677
  6957    2341   17843   26706
  6951    2342   17842   26705
  6947    2342   17844   26702
  6947    2342   17844   26702
  6950    2342   17844   26732
  6934    2348   17803   26767
  6942    2347   17802   26767
  6944    2347   17800   26764
  6945    2347   17800   26765
  6944    2347   17802   26763
  6948    2343   17842   26672
  6957    2341   17844   26702
  6953    2342   17844   26768
  6952    2347   17843   26768
  6947    2347   17842   26766
  6948    2347   17843   26766
  6961    2347   17842   26761
  6949    2348   17842   26763
  6984    2348   17843   26764
  6977    2347   17842   26761
  7017    2348   17843   26757
  6983    2348   17843   26762
  7020    2348   17842   26762
  6980    2348   17843   26765
  7016    2348   17843   26764
  6973    2348   17842   26763
  7004    2348   17844   26767
  6971    2348   17844   26765
  6996    2348   17843   26766
  6984    2347   17844   26768
  6991    2347   17843   26767
  6995    2347   17842   26768
  6998    2347   17845   26774
  6998    2346   17843   26770
  7020    2346   17842   26770
  7217    2346   17843   26772
  7224    2347   17842   26769
  7225    2347   17842   26770
  7225    2347   17843   26771
  7229    2347   17842   26767
  7233    2347   17843   26768
  7241    2347   17844   26768
  7244    2348   17843   26766
  7246    2348   17843   26768
  7247    2348   17844   26765
  7246    2348   17842   26766
  7243    2348   17843   26768
  7240    2348   17844   26767
  7233    2348   17842   26766
  7231    2348   17844   26770
  7232    2348   17843   26769
  7235    2347   17844   26770
  7239    2343   17802   26710
  7247    2347   17844   26770
  7248    2347   17843   26771
  7244    2347   17843   26774
  7241    2347   17844   26774
  7234    2347   17842   26773
  7231    2347   17844   26773
  7230    2347   17842   26772
  7234    2347   17843   26771
  7237    2347   17843   26772
  7242    2347   17843   26769
  7244    2347   17843   26769
  7245    2348   17843   26769
  7246    2348   17843   26769
  7246    2349   17842   26770
  7244    2348   17844   26769
  7240    2349   17842   26768
  7236    2348   17843   26771
  7232    2349   17844   26707
  7212    2343   17803   26711
  7216    2343   17805   26712
  7222    2343   17805   26714
  7225    2342   17803   26713
  7227    2342   17805   26715
  7229    2342   17805   26715
